Easy - Solved
008403506
003102004
045700090
690005007
080000050
400300018
070006240
100507800
806901300

Medium - Solved
020000070
309504601
500090003
030607090
000000000
070308040
800020004
204706805
050000060

Hard - Solved
000040000
005708300
038000670
300070001
006903500
200050009
024000190
001405700
000080000

Extreme with Linearity:
920005100
000040000
100600700
060080000
302000805
000090040
007003008
000050000
001700052

700030080
018000700
300000002
000380500
002905800
004076000
800000004
001000690
090050001

702001400
008006030
010000009
000012050
020000070
040570000
300000020
070600500
005300608
